m1=.2;
l1=0.3;
m2=0.1;
l2=0.25;
g=9.81;